0
11
14
18
27
386
2
36
395
389
380
444
45
377
42
33
390
20
23
46
296
404
361
398
388
24
416
391
394
41
38
387
422
407
413
426
357
371
230
10
362
425
101
306
385
382
91
29
32
399
348
15
400
403
376
373
79
97
351
100
82
339
360
342
330
408
73
156
52
324
88
417
315
44
333
381
396
64
37
321
55
43
379
35
431
34
409
412
370
240
61
397
295
70
302
378
434
291
312
367
435
440
392
393
13
418
421
363
366
249
414
273
305
258
294
282
276
267
285
429
343
428
372
415
423
424
405
264
406
352
229
19
347
344
12
84
87
225
326
329
325
255
286
358
443
83
277
152
356
353
308
311
359
143
420
246
216
26
419
402
364
219
25
137
110
335
338
365
430
427
297
228
349
134
155
210
410
340
411
350
341
201
128
192
183
165
236
401
146
207
334
75
78
98
174
301
298
290
287
99
125
89
90
119
432
433
307
322
323
57
60
198
331
92
332
81
96
93
80
28
51
48
197
194
189
281
278
116
66
69
438
314
313
437
268
259
303
147
107
180
245
242
304
231
251
254
71
317
320
369
62
17
72
220
383
16
53
129
63
74
263
260
439
436
274
368
241
211
171
193
275
40
442
54
269
272
212
215
265
292
384
293
283
256
441
39
284
266
250
257
346
247
138
130
133
162
248
316
148
151
345
85
115
112
86
221
224
355
121
124
375
65
239
139
142
22
354
153
226
144
154
56
135
145
374
136
237
217
328
300
227
103
106
126
299
327
21
208
127
203
206
289
218
111
288
310
117
238
95
199
94
279
280
190
47
188
185
108
181
336
337
209
184
118
309
109
172
170
167
200
120
191
163
182
77
179
176
202
173
76
150
232
235
149
233
234
261
164
262
161
158
270
132
271
131
243
244
31
222
253
252
223
175
102
319
30
318
141
140
68
59
67
213
214
166
58
123
114
195
122
113
196
157
50
49
5
105
104
204
186
205
187
177
178
169
168
160
159
3
1
6
4
8
9
7
