176.130341
116.456131
116.456131
79.301338
75.576530
74.783264
74.289543
56.770973
51.729584
47.839806
42.038799
36.193668
31.076309
24.825838
24.066605
22.359877
21.093973
20.224606
20.224606
19.247881
14.705653
13.268684
12.739336
11.253902
10.948251
10.544051
10.346748
9.731203
9.731203
9.432740
9.432740
9.336431
9.311105
9.263939
9.197714
8.582477
8.577835
8.472799
8.415330
8.142753
7.689085
7.600245
7.591664
7.576269
7.473690
7.473690
7.469023
7.448662
7.448662
7.254677
7.048001
7.012348
6.565699
6.565699
6.559632
6.559632
6.360237
6.251349
6.006849
5.936141
5.918343
5.871628
5.840785
5.820588
5.802511
5.787032
5.759025
5.744542
5.663034
5.655507
5.544303
5.444349
5.347146
5.305424
5.230853
5.076128
5.075275
4.990528
4.985663
4.964783
4.948651
4.943822
4.907798
4.775606
4.768594
4.748788
4.745467
4.745467
4.662933
4.629950
4.586330
4.513992
4.421494
4.401047
4.108185
4.091682
4.050763
3.918369
3.831904
3.799875
3.778152
3.727380
3.682699
3.679976
3.644978
3.611027
3.611027
3.610211
3.610211
3.531892
3.498991
3.497122
3.482748
3.421879
3.420455
3.380571
3.371775
3.324288
3.306109
3.301523
3.299566
3.297820
3.258338
3.241002
3.226603
3.131255
3.098733
2.920040
2.886788
2.885756
2.875365
2.841829
2.803028
2.803028
2.684058
2.669622
2.669622
2.578739
2.528941
2.528941
2.512117
2.452656
2.342424
2.273296
2.267087
2.222528
2.213423
2.197565
2.182965
2.182965
2.180807
2.180807
2.161580
2.151645
2.116250
2.102844
2.099322
2.098554
2.087478
2.062467
2.061404
2.061103
2.051867
2.042572
2.036137
2.034679
2.034679
2.010406
1.996017
1.996017
1.975758
1.961060
1.955852
1.937918
1.920447
1.895292
1.895152
1.895100
1.894755
1.879337
1.869439
1.869187
1.867161
1.855564
1.853361
1.843298
1.839647
1.833363
1.833202
1.826761
1.813894
1.811090
1.811090
1.807434
1.776870
1.769630
1.769630
1.742711
1.742711
1.741144
1.735322
1.693190
1.666872
1.666658
1.660184
1.647300
1.623716
1.610426
1.603394
1.578311
1.578311
1.564573
1.551846
1.549152
1.548073
1.545962
1.537345
1.537345
1.527251
1.508432
1.506101
1.506101
1.463594
1.463594
1.443108
1.429190
1.429190
1.406267
1.386617
1.386617
1.363087
1.361915
1.347419
1.335713
1.334279
1.321518
1.287340
1.285923
1.282482
1.276169
1.276058
1.276058
1.272959
1.272702
1.244550
1.244550
1.238299
1.235250
1.235250
1.232497
1.232091
1.220982
1.218122
1.197404
1.193440
1.189292
1.186619
1.179215
1.165641
1.161307
1.159303
1.159303
1.155201
1.155201
1.140631
1.134438
1.128981
1.088426
1.088334
1.083026
1.081831
1.079793
1.065053
1.062553
1.041713
1.041713
1.026761
1.026761
1.018665
1.016312
1.010531
1.005218
0.999617
0.997357
0.986929
0.985708
0.964962
0.962739
0.955173
0.951244
0.942374
0.940269
0.921366
0.918780
0.918780
0.911373
0.903698
0.901088
0.895416
0.895416
0.892343
0.850689
0.846691
0.846691
0.833442
0.814737
0.814737
0.812654
0.802277
0.802277
0.799009
0.798673
0.797985
0.795997
0.795997
0.780710
0.778354
0.754305
0.753469
0.743175
0.716530
0.714780
0.714031
0.703821
0.703425
0.684056
0.679608
0.679000
0.670258
0.666730
0.665715
0.663237
0.663237
0.646903
0.645177
0.635292
0.627021
0.621163
0.608783
0.606907
0.606907
0.601354
0.600896
0.600433
0.596935
0.595189
0.584426
0.583785
0.581996
0.578785
0.568130
0.567385
0.565718
0.564170
0.562605
0.561494
0.561494
0.558545
0.557001
0.553135
0.551884
0.547506
0.537383
0.537222
0.534205
0.519266
0.513448
0.510255
0.510255
0.510209
0.500741
0.496201
0.489250
0.483889
0.458395
0.457174
0.457174
0.450922
0.446313
0.441580
0.437392
0.437366
0.437366
0.435834
0.433731
0.430467
0.427929
0.427046
0.416608
0.411087
0.411087
0.403583
0.395504
0.394361
0.384024
0.362104
0.354374
0.354178
0.347330
0.346763
0.345095
0.341542
0.336042
0.330747
0.328854
0.316679
0.304360
0.299655
0.298905
0.296023
0.285324
0.283200
0.276621
0.275145
0.260668
0.248389
0.226583
0.217996
0.215326
0.214047
0.210397
0.205447
0.187606
0.181618
0.180248
0.169577
0.144353
0.140026
0.125053
0.123502
0.123289
0.119960
0.098403
0.094926
0.081513
0.080777
0.079166
0.078069
0.019502
0.019502
0.001159
0.001159
0.000127
0.000000
0.000000
