262
1
0
44
6
8
130
87
173
7
259
17
19
41
43
5
3
260
216
60
62
24
26
40
38
69
67
31
33
12
10
36
53
55
48
46
51
49
29
89
91
98
96
72
112
110
65
22
76
74
15
79
86
103
105
58
13
34
42
117
119
94
134
132
83
81
70
166
20
101
127
129
92
56
126
124
139
141
120
113
106
84
122
123
115
261
159
27
99
153
155
146
148
160
162
108
63
77
102
109
152
137
170
256
202
175
177
209
116
231
167
169
182
184
195
50
35
163
149
188
181
145
151
245
156
138
142
172
144
95
189
191
158
135
165
238
128
224
121
217
28
213
21
174
196
198
114
249
71
14
131
93
66
180
171
73
100
206
220
218
80
78
242
252
85
107
192
203
205
64
57
199
185
212
210
88
227
225
187
178
164
235
234
232
228
59
221
194
239
241
150
157
214
201
37
257
143
136
223
215
208
250
168
207
52
248
246
200
193
161
30
45
186
243
125
104
230
236
190
197
211
204
154
179
2
111
229
222
183
253
255
118
237
23
233
247
176
147
219
97
226
244
251
240
140
133
258
75
16
68
254
90
82
61
39
32
54
47
9
25
18
4
11
