83.939728
12.391508
10.187642
6.518885
5.274942
4.405576
3.866477
3.826849
2.838690
2.787380
2.626202
2.314562
2.314562
2.302977
2.243871
2.235704
2.235704
2.198677
2.186051
2.106009
2.106009
2.085812
2.085812
2.027687
2.027687
2.018907
2.018907
1.952185
1.952185
1.844355
1.844355
1.824479
1.758791
1.758791
1.717817
1.717817
1.701789
1.685189
1.602435
1.600878
1.600878
1.594111
1.594111
1.554221
1.508308
1.508308
1.463625
1.427090
1.425164
1.425164
1.367404
1.363236
1.354085
1.352997
1.352997
1.327375
1.258346
1.247927
1.226994
1.219010
1.219010
1.211948
1.211122
1.211122
1.185778
1.185778
1.176239
1.176097
1.169566
1.168934
1.164379
1.159960
1.142321
1.139857
1.138335
1.138335
1.126104
1.126104
1.125374
1.119606
1.111972
1.110141
1.102981
1.090789
1.075927
1.074127
1.062462
1.058949
1.045403
1.043533
1.043533
1.038242
1.038242
1.033323
1.033323
1.031731
1.004011
0.998945
0.995104
0.964051
0.957130
0.947559
0.946681
0.944824
0.944569
0.925593
0.925593
0.914630
0.900596
0.894930
0.874207
0.874207
0.864658
0.864658
0.860670
0.842843
0.836840
0.834720
0.832697
0.825418
0.820733
0.818159
0.814574
0.809670
0.804214
0.779491
0.774715
0.770001
0.769901
0.769757
0.768117
0.768117
0.757621
0.757456
0.756395
0.747901
0.726939
0.710912
0.708107
0.707361
0.703572
0.702716
0.702578
0.693846
0.691592
0.691592
0.687574
0.683697
0.675596
0.667826
0.664802
0.663378
0.653232
0.647866
0.643093
0.634511
0.633570
0.619065
0.617501
0.617501
0.615201
0.614603
0.613331
0.613130
0.611579
0.608857
0.595181
0.591788
0.591788
0.588932
0.585408
0.584137
0.575145
0.567677
0.567677
0.567121
0.560553
0.560553
0.555899
0.554807
0.554632
0.547688
0.541896
0.541896
0.531232
0.523839
0.521735
0.509431
0.506984
0.506984
0.496714
0.496627
0.487318
0.479508
0.468471
0.462526
0.459807
0.453136
0.452064
0.450933
0.438155
0.423252
0.422032
0.420661
0.415600
0.401023
0.401023
0.395330
0.391527
0.388382
0.386919
0.380507
0.372141
0.371341
0.365966
0.365268
0.364357
0.358152
0.357113
0.356501
0.355974
0.352746
0.347676
0.346875
0.338283
0.331116
0.329605
0.328661
0.326918
0.323929
0.323929
0.317989
0.317589
0.315069
0.309968
0.299613
0.299383
0.299333
0.290607
0.287528
0.276270
0.275988
0.267142
0.265164
0.261981
0.243493
0.242442
0.234968
0.229835
0.227434
0.226810
0.214469
0.212195
0.200192
0.192256
0.165631
0.161161
0.148287
0.144823
0.144795
0.106498
0.099027
0.064167
